nfql-groupfilter-0.4-twente:20148631 output:7421656 ratio:0.368345 avgtime:295.622684
nfql-groupfilter-0.8-twente:20148631 output:15375299 ratio:0.763094 avgtime:393.117334
nfql-groupfilter-0.2-twente:20148631 output:4773223 ratio:0.236901 avgtime:314.082673
nfql-groupfilter-1.0-twente:20148631 output:20148522 ratio:0.999995 avgtime:443.958062
nfql-groupfilter-0.6-twente:20148631 output:12726866 ratio:0.631649 avgtime:408.293696
nfql-groupfilter-0.0-twente:20148631 output:0 ratio:0.000000 avgtime:303.861998
