nfql-filter-0.2-twente:20148631 output:4773246 ratio:0.236902 avgtime:262.165169
nfql-filter-1.0-twente:20148631 output:20148631 ratio:1.000000 avgtime:1294.511479
nfql-filter-0.8-twente:20148631 output:15375385 ratio:0.763098 avgtime:1097.790322
nfql-filter-0.6-twente:20148631 output:12726954 ratio:0.631654 avgtime:945.855838
nfql-filter-0.4-twente:20148631 output:7421677 ratio:0.368346 avgtime:377.398487
nfql-filter-0.0-twente:20148631 output:0 ratio:0.000000 avgtime:63.327501
