nfql-grouper-0.1-twente:20148631 output:1359779 ratio:0.067487 avgtime:99.144074
nfql-grouper-0.6-twente:20148631 output:11366953 ratio:0.564155 avgtime:25894.055046
nfql-grouper-1.0-twente:20148631 output:20148522 ratio:0.999995 avgtime:60395.580231
nfql-grouper-0.4-twente:20148631 output:7163096 ratio:0.355513 avgtime:21243.290067
nfql-grouper-0.2-twente:20148631 output:3941910 ratio:0.195642 avgtime:11499.820830
