nfql-merger-0.0-twente:40297262 output:0 ratio:0.000000 avgtime:3594.485951
nfql-merger-0.2-twente:40297262 output:10327743 ratio:0.256289 avgtime:3950.276719
nfql-merger-0.5-twente:40297262 output:20133082 ratio:0.499614 avgtime:4037.898767
nfql-merger-1.0-twente:40297262 output:40297044 ratio:0.999995 avgtime:4792.27429
