silk-grouper-0.4-twente:20148593 output:7163098 ratio:0.355514 avgtime:103.392440
silk-grouper-0.8-twente:20148593 output:14287603 ratio:0.709112 avgtime:132.898477
silk-grouper-0.6-twente:20148593 output:11365876 ratio:0.564103 avgtime:131.241924
silk-grouper-1.0-twente:20148593 output:20142235 ratio:0.999684 avgtime:137.611955
silk-grouper-0.1-twente:20148593 output:1359815 ratio:0.067489 avgtime:91.538256
silk-grouper-0.2-twente:20148593 output:3941911 ratio:0.195642 avgtime:90.739313
