nfql-filter-0.2-twente:20148631 output:4773246 ratio:0.236902 avgtime:118.711592
nfql-filter-1.0-twente:20148631 output:20148631 ratio:1.000000 avgtime:585.354555
nfql-filter-0.8-twente:20148631 output:15375385 ratio:0.763098 avgtime:540.590691
nfql-filter-0.6-twente:20148631 output:12726954 ratio:0.631654 avgtime:516.031106
nfql-filter-0.4-twente:20148631 output:7421677 ratio:0.368346 avgtime:125.056716
nfql-filter-0.0-twente:20148631 output:0 ratio:0.000000 avgtime:64.467133
