silk-groupfilter-0.8-twente:20148593 output:15369672 ratio:0.762816 avgtime:160.413468
silk-groupfilter-0.6-twente:20148593 output:12717508 ratio:0.631186 avgtime:142.834572
silk-groupfilter-0.4-twente:20148593 output:7424727 ratio:0.368499 avgtime:143.108318
silk-groupfilter-1.0-twente:20148593 output:20142235 ratio:0.999684 avgtime:166.490380
silk-groupfilter-0.0-twente:20148593 output:0 ratio:0.000000 avgtime:132.324141
silk-groupfilter-0.2-twente:20148593 output:4772563 ratio:0.236868 avgtime:137.902733
