nfql-grouper-0.1-twente:20148631 output:1359779 ratio:0.067487 avgtime:83.438108
nfql-grouper-0.6-twente:20148631 output:11366953 ratio:0.564155 avgtime:276.331889
nfql-grouper-1.0-twente:20148631 output:20148522 ratio:0.999995 avgtime:332.141293
nfql-grouper-0.8-twente:20148631 output:14235804 ratio:0.706540 avgtime:171.077834
nfql-grouper-0.4-twente:20148631 output:7163096 ratio:0.355513 avgtime:105.821245
nfql-grouper-0.2-twente:20148631 output:3941910 ratio:0.195642 avgtime:132.664553
