nfql-filter-0.2-twente:20148631 output:4773246 ratio:0.236902 avgtime:29.219374
nfql-filter-1.0-twente:20148631 output:20148631 ratio:1.000000 avgtime:52.745324
nfql-filter-0.8-twente:20148631 output:15375385 ratio:0.763098 avgtime:43.566521
nfql-filter-0.6-twente:20148631 output:12726954 ratio:0.631654 avgtime:39.311295
nfql-filter-0.4-twente:20148631 output:7421677 ratio:0.368346 avgtime:37.190084
nfql-filter-0.0-twente:20148631 output:0 ratio:0.000000 avgtime:12.284688
