silk-merger-1.0-twente:40297186 output:40284470 ratio:0.999684 avgtime:521.047407
silk-merger-0.7-twente:40297186 output:25038412 ratio:0.621344 avgtime:508.034931
silk-merger-0.4-twente:40297186 output:16982504 ratio:0.421432 avgtime:467.361812
silk-merger-0.5-twente:40297186 output:26536642 ratio:0.658523 avgtime:495.581563
silk-merger-0.0-twente:40297186 output:3093 ratio:0.000077 avgtime:422.124160
