silk-merger-0.0-twente:40297186 output:3093 ratio:0.000077 avgtime:413.001801
silk-merger-0.5-twente:40297186 output:20144727 ratio:0.499904 avgtime:512.308237
silk-merger-1.0-twente:40297186 output:40284470 ratio:0.999684 avgtime:510.151471
