silk-merger-0.6-twente:40297186 output:25038412 ratio:0.621344 avgtime:501.870205
silk-merger-1.0-twente:40297186 output:40284470 ratio:0.999684 avgtime:513.823976
silk-merger-0.4-twente:40297186 output:16982504 ratio:0.421432 avgtime:473.860771
silk-merger-0.0-twente:40297186 output:3093 ratio:0.000077 avgtime:420.573288
