silk-filter-0.0-twente:20148593 output:0 ratio:0.000000 avgtime:8.393012
silk-filter-1.0-twente:20148593 output:20148593 ratio:1.000000 avgtime:62.797985
silk-filter-0.6-twente:20148593 output:12726954 ratio:0.631655 avgtime:31.921679
silk-filter-0.2-twente:20148593 output:4773208 ratio:0.236900 avgtime:26.871186
silk-filter-0.4-twente:20148593 output:7421639 ratio:0.368345 avgtime:34.112186
silk-filter-0.8-twente:20148593 output:15375385 ratio:0.763100 avgtime:48.755117
