nfql-merger-1.0-twente:40297262 output:40297044 ratio:0.999995 avgtime:3546.595241
nfql-merger-0.0-twente:40297262 output:0 ratio:0.000000 avgtime:4792.274299
nfql-merger-0.4-twente:40297262 output:10731679 ratio:0.266313 avgtime:4443.752031
nfql-merger-0.6-twente:40297262 output:14391390 ratio:0.357131 avgtime:3317.510402
