silk-filter-0.0-twente:20148593 output:0 ratio:0.000000 avgtime:33.809723
silk-filter-1.0-twente:20148593 output:20148593 ratio:1.000000 avgtime:148.270184
silk-filter-0.6-twente:20148593 output:12726954 ratio:0.631655 avgtime:92.208784
silk-filter-0.2-twente:20148593 output:4773208 ratio:0.236900 avgtime:67.047784
silk-filter-0.4-twente:20148593 output:7421639 ratio:0.368345 avgtime:85.500363
silk-filter-0.8-twente:20148593 output:15375385 ratio:0.763100 avgtime:108.866014
